ShakeItUp: 0.31309463709858293
Fein: 0.3802436293362882
backstreet: 0.6197814325310901
legomovie: 0.5656697972027052
Shakalaka: 0.64590004293174
Kelli: 0.6330456871559493
movie: 0.38739830746915505
eating: 0.7406805532956472
commentary: 0.5425945459147022
Whiplash: 0.786256029030122
nbaplayer: 0.4923143585410093
